Student1	2	1	3	4	5
Student2	2	37	13	45	29
Student3	2	1	3	4	5
Student4	3	16	14	6	8
Student5	3	37	29	16	8
Student6	3	40	25	10	5
Student7	3	39	18	16	1
Student8	3	37	29	16	8
Student9	3	40	25	10	5
Student10	3	5	6	2	4
Student11	3	40	25	10	5
Student12	3	37	29	16	8
Student13	3	40	25	10	5
Student14	3	32	6	24	28
Student15	3	37	29	16	8
Student16	3	1	2	4	5
Student17	4	17	40	37	14
Student18	4	13	24	32	14
Student19	4	20	34	24	42
Student20	4	6	5	15	18
Student21	4	13	21	19	17
Student22	4	14	45	17	18
Student23	4	20	13	24	36
Student24	5	35	32	29	37
Student25	5	37	46	38	30
Student26	5	37	46	38	30
Student27	5	1	6	14	37
Student28	5	35	32	29	37
Student29	5	4	32	13	14
Student30	5	4	22	40	44
Student31	5	16	6	44	33
Student32	5	6	39	15	10
Student33	5	39	42	35	7
Student34	5	37	46	38	30
Student35	5	37	46	38	30
Student36	5	35	32	29	37
Student37	5	35	32	29	37
Student38	5	35	32	29	37
Student39	5	37	46	38	30
Student40	5	39	42	35	7
Student41	5	39	42	35	7
Student42	5	39	42	35	7
Student43	5	39	42	35	7
Student44	6	10	22	23	2
Student45	6	5	3	40	1
Student46	6	10	22	23	2
Student47	6	5	3	40	1
Student48	6	5	3	40	1
Student49	6	42	32	3	28
Student50	6	5	3	40	1
Student51	6	42	32	3	28
Student52	6	10	22	23	2
Student53	9	5	31	22	38
Student54	12	29	33	21	20
Student55	13	25	31	38	30
Student56	13	32	14	28	33
Student57	13	37	14	28	16
Student58	13	32	14	28	33
Student59	13	24	38	14	32
Student60	13	45	3	12	26
Student61	13	37	14	16	36
Student62	13	25	31	38	30
Student63	13	45	3	12	26
Student64	13	45	3	12	26
Student65	13	45	3	12	26
Student66	13	32	14	28	33
Student67	13	24	6	39	35
Student68	13	32	14	28	33
Student69	13	22	6	38	5
Student70	13	37	14	16	24
Student71	13	32	14	28	33
Student72	13	38	24	25	8
Student73	13	38	24	25	8
Student74	14	16	24	28	36
Student75	16	40	26	21	24
Student76	16	25	29	29	8
Student77	16	8	38	24	13
Student78	16	8	38	24	13
Student79	16	33	45	37	35
Student80	18	13	17	14	29
Student81	18	13	17	14	29
Student82	19	40	37	21	4
Student83	21	20	45	29	37
Student84	21	29	45	16	4
Student85	21	20	45	29	37
Student86	21	20	45	29	37
Student87	21	20	45	29	8
Student88	21	20	45	29	37
Student89	22	2	41	5	7
Student90	22	2	41	5	7
Student91	22	2	41	5	7
Student92	22	5	13	3	39
Student93	22	2	41	5	7
Student94	22	5	13	3	39
Student95	22	8	5	6	46
Student96	24	36	13	38	4
Student97	24	36	13	38	4
Student98	24	36	13	38	4
Student99	24	36	13	38	4
Student100	24	36	13	38	4
Student101	24	30	17	13	39
Student102	24	30	17	13	39
Student103	24	13	38	3	6
Student104	24	30	17	13	39
Student105	24	38	32	31	10
Student106	24	30	17	13	39
Student107	24	13	38	3	6
Student108	24	13	38	3	6
Student109	24	38	34	6	
Student110	24	30	17	13	39
Student111	24	13	38	3	6
Student112	28	14	36	34	35
Student113	29	17	1	16	2
Student114	29	45	33	6	37
Student115	29	17	1	16	2
Student116	29	45	33	6	37
Student117	32	6	16	39	13
Student118	32	6	5	38	2
Student119	32	6	4	5	38
Student120	34	4	39	40	13
Student121	34	17	32	2	3
Student122	35	13	1	36	4
Student123	36	13	37	14	42
Student124	36	32	5	16	10
Student125	36	3	41	28	44
Student126	37	13	29	40	45
Student127	37	46	6	14	8
Student128	37	46	6	14	8
Student129	37	46	6	14	8
Student130	37	46	6	14	8
Student131	39	16	6	14	17
Student132	39	16	6	14	17
Student133	39	40	37	11	46
Student134	39	14	32	45	19
Student135	39	16	6	14	17
Student136	39	16	6	14	17
Student137	39	13	35	29	28
Student138	40	37	33	39	13
Student139	40	37	33	39	13
Student140	41	28	36	6	2
Student141	41	28	36	6	2
Student142	41	28	1	2	22
Student143	41	28	36	6	2
Student144	41	28	36	6	2
Student145	41	28	1	2	22
Student146	41	28	1	2	22
Student147	45	32	41	22	15